  0	  0	  0	  0
  1	 -1	 -1	 -1
  2	 -2	 -2	 -2
  3	 -3	 -3	 -3
  4	 -4	 -4	 -4
  5	 -5	 -5	 -5
  6	 -6	 -6	 -6
  7	 -7	 -7	 -7
  8	 -8	 -8	 -8
  9	 -9	 -9	 -9
 10	  5	  8	-10
 11	  4	  7	-11
 12	  3	  6	-12
 13	  2	  5	-13
 14	  1	  4	-14
 15	  0	  3	-15
 16	 -1	  2	-16
 17	 -2	  1	-17
 18	 -3	  0	-18
 19	 -4	 -1	-19
 20	  5	 10	 -2
 21	  4	  9	 -3
 22	  3	  8	 -4
 23	  2	  7	 -5
 24	  1	  6	 -6
 25	  0	  5	 -7
 26	 -1	  4	 -8
 27	 -2	  3	 -9
 28	 -3	  2	-10
 29	 -4	  1	-11
 30	  5	  0	  0
 31	  4	 -1	 -1
 32	  3	 -2	 -2
 33	  2	 -3	 -3
 34	  1	 -4	 -4
 35	  0	 -5	 -5
 36	 -1	 -6	 -6
 37	 -2	 -7	 -7
 38	 -3	 -8	 -8
 39	 -4	 -9	 -9
 40	  5	  2	  2
 41	  4	  1	  1
 42	  3	  0	  0
 43	  2	 -1	 -1
 44	  1	 -2	 -2
 45	  0	 -3	 -3
 46	 -1	 -4	 -4
 47	 -2	 -5	 -5
 48	 -3	 -6	 -6
 49	 -4	 -7	 -7
 50	  5	  4	  4
 51	  4	  3	  3
 52	  3	  2	  2
 53	  2	  1	  1
 54	  1	  0	  0
 55	  0	 -1	 -1
 56	 -1	 -2	 -2
 57	 -2	 -3	 -3
 58	 -3	 -4	 -4
 59	 -4	 -5	 -5
 60	  5	  6	  6
 61	  4	  5	  5
 62	  3	  4	  4
 63	  2	  3	  3
 64	  1	  2	  2
 65	  0	  1	  1
 66	 -1	  0	  0
 67	 -2	 -1	 -1
 68	 -3	 -2	 -2
 69	 -4	 -3	 -3
 70	  5	  8	 -4
 71	  4	  7	 -5
 72	  3	  6	 -6
 73	  2	  5	 -7
 74	  1	  4	 -8
 75	  0	  3	 -9
 76	 -1	  2	-10
 77	 -2	  1	-11
 78	 -3	  0	-12
 79	 -4	 -1	-13
 80	  5	 10	 -2
 81	  4	  9	 -3
 82	  3	  8	 -4
 83	  2	  7	 -5
 84	  1	  6	 -6
 85	  0	  5	 -7
 86	 -1	  4	 -8
 87	 -2	  3	 -9
 88	 -3	  2	-10
 89	 -4	  1	-11
 90	  5	  0	  0
 91	  4	 -1	 -1
 92	  3	 -2	 -2
 93	  2	 -3	 -3
 94	  1	 -4	 -4
 95	  0	 -5	 -5
 96	 -1	 -6	 -6
 97	 -2	 -7	 -7
 98	 -3	 -8	 -8
 99	 -4	 -9	 -9
100	  5	  2	  2
101	  4	  1	  1
102	  3	  0	  0
103	  2	 -1	 -1
104	  1	 -2	 -2
105	  0	 -3	 -3
106	 -1	 -4	 -4
107	 -2	 -5	 -5
108	 -3	 -6	 -6
109	 -4	 -7	 -7
110	  5	  4	  4
111	  4	  3	  3
112	  3	  2	  2
113	  2	  1	  1
114	  1	  0	  0
115	  0	 -1	 -1
116	 -1	 -2	 -2
117	 -2	 -3	 -3
118	 -3	 -4	 -4
119	 -4	 -5	 -5
120	  5	  6	  6
121	  4	  5	  5
122	  3	  4	  4
123	  2	  3	  3
124	  1	  2	  2
125	  0	  1	  1
126	 -1	  0	  0
127	 -2	 -1	 -1
128	 -3	 -2	 -2
129	 -4	 -3	 -3
130	  5	  8	 -4
131	  4	  7	 -5
132	  3	  6	 -6
133	  2	  5	 -7
134	  1	  4	 -8
135	  0	  3	 -9
136	 -1	  2	-10
137	 -2	  1	-11
138	 -3	  0	-12
139	 -4	 -1	-13
140	  5	 10	 -2
141	  4	  9	 -3
142	  3	  8	 -4
143	  2	  7	 -5
144	  1	  6	 -6
145	  0	  5	 -7
146	 -1	  4	 -8
147	 -2	  3	 -9
148	 -3	  2	-10
149	 -4	  1	-11
150	  5	  0	  0
151	  4	 -1	 -1
152	  3	 -2	 -2
153	  2	 -3	 -3
154	  1	 -4	 -4
155	  0	 -5	 -5
156	 -1	 -6	 -6
157	 -2	 -7	 -7
158	 -3	 -8	 -8
159	 -4	 -9	 -9
160	  5	  2	  2
161	  4	  1	  1
162	  3	  0	  0
163	  2	 -1	 -1
164	  1	 -2	 -2
165	  0	 -3	 -3
166	 -1	 -4	 -4
167	 -2	 -5	 -5
168	 -3	 -6	 -6
169	 -4	 -7	 -7
170	  5	  4	  4
171	  4	  3	  3
172	  3	  2	  2
173	  2	  1	  1
174	  1	  0	  0
175	  0	 -1	 -1
176	 -1	 -2	 -2
177	 -2	 -3	 -3
178	 -3	 -4	 -4
179	 -4	 -5	 -5
180	  5	  6	  6
181	  4	  5	  5
182	  3	  4	  4
183	  2	  3	  3
184	  1	  2	  2
185	  0	  1	  1
186	 -1	  0	  0
187	 -2	 -1	 -1
188	 -3	 -2	 -2
189	 -4	 -3	 -3
190	  5	  8	 -4
191	  4	  7	 -5
192	  3	  6	 -6
193	  2	  5	 -7
194	  1	  4	 -8
195	  0	  3	 -9
196	 -1	  2	-10
197	 -2	  1	-11
198	 -3	  0	-12
199	 -4	 -1	-13
200	  5	 10	 -2
201	  4	  9	 -3
202	  3	  8	 -4
203	  2	  7	 -5
204	  1	  6	 -6
205	  0	  5	 -7
206	 -1	  4	 -8
207	 -2	  3	 -9
208	 -3	  2	-10
209	 -4	  1	-11
210	  5	  0	  0
211	  4	 -1	 -1
212	  3	 -2	 -2
213	  2	 -3	 -3
214	  1	 -4	 -4
215	  0	 -5	 -5
216	 -1	 -6	 -6
217	 -2	 -7	 -7
218	 -3	 -8	 -8
219	 -4	 -9	 -9
220	  5	  2	  2
221	  4	  1	  1
222	  3	  0	  0
223	  2	 -1	 -1
224	  1	 -2	 -2
225	  0	 -3	 -3
226	 -1	 -4	 -4
227	 -2	 -5	 -5
228	 -3	 -6	 -6
229	 -4	 -7	 -7
230	  5	  4	  4
231	  4	  3	  3
232	  3	  2	  2
233	  2	  1	  1
234	  1	  0	  0
235	  0	 -1	 -1
236	 -1	 -2	 -2
237	 -2	 -3	 -3
238	 -3	 -4	 -4
239	 -4	 -5	 -5
240	  5	  6	  6
241	  4	  5	  5
242	  3	  4	  4
243	  2	  3	  3
244	  1	  2	  2
245	  0	  1	  1
246	 -1	  0	  0
247	 -2	 -1	 -1
248	 -3	 -2	 -2
249	 -4	 -3	 -3
250	  5	  8	 -4
251	  4	  7	 -5
252	  3	  6	 -6
253	  2	  5	 -7
254	  1	  4	 -8
255	  0	  3	 -9
256	 -1	  2	-10
257	 -2	  1	-11
258	 -3	  0	-12
259	 -4	 -1	-13
260	  5	 10	 -2
261	  4	  9	 -3
262	  3	  8	 -4
263	  2	  7	 -5
264	  1	  6	 -6
265	  0	  5	 -7
266	 -1	  4	 -8
267	 -2	  3	 -9
268	 -3	  2	-10
269	 -4	  1	-11
270	  5	  0	  0
271	  4	 -1	 -1
272	  3	 -2	 -2
273	  2	 -3	 -3
274	  1	 -4	 -4
275	  0	 -5	 -5
276	 -1	 -6	 -6
277	 -2	 -7	 -7
278	 -3	 -8	 -8
279	 -4	 -9	 -9
280	  5	  2	  2
281	  4	  1	  1
282	  3	  0	  0
283	  2	 -1	 -1
284	  1	 -2	 -2
285	  0	 -3	 -3
286	 -1	 -4	 -4
287	 -2	 -5	 -5
288	 -3	 -6	 -6
289	 -4	 -7	 -7
290	  5	  4	  4
291	  4	  3	  3
292	  3	  2	  2
293	  2	  1	  1
294	  1	  0	  0
295	  0	 -1	 -1
296	 -1	 -2	 -2
297	 -2	 -3	 -3
298	 -3	 -4	 -4
299	 -4	 -5	 -5
300	  5	  6	  6
301	  4	  5	  5
302	  3	  4	  4
303	  2	  3	  3
304	  1	  2	  2
305	  0	  1	  1
306	 -1	  0	  0
307	 -2	 -1	 -1
308	 -3	 -2	 -2
309	 -4	 -3	 -3
310	  5	  8	 -4
311	  4	  7	 -5
312	  3	  6	 -6
313	  2	  5	 -7
314	  1	  4	 -8
315	  0	  3	 -9
316	 -1	  2	-10
317	 -2	  1	-11
318	 -3	  0	-12
319	 -4	 -1	-13
320	  5	 10	 -2
321	  4	  9	 -3
322	  3	  8	 -4
323	  2	  7	 -5
324	  1	  6	 -6
325	  0	  5	 -7
326	 -1	  4	 -8
327	 -2	  3	 -9
328	 -3	  2	-10
329	 -4	  1	-11
330	  5	  0	  0
331	  4	 -1	 -1
332	  3	 -2	 -2
333	  2	 -3	 -3
334	  1	 -4	 -4
335	  0	 -5	 -5
336	 -1	 -6	 -6
337	 -2	 -7	 -7
338	 -3	 -8	 -8
339	 -4	 -9	 -9
340	  5	  2	  2
341	  4	  1	  1
342	  3	  0	  0
343	  2	 -1	 -1
344	  1	 -2	 -2
345	  0	 -3	 -3
346	 -1	 -4	 -4
347	 -2	 -5	 -5
348	 -3	 -6	 -6
349	 -4	 -7	 -7
350	  5	  4	  4
351	  4	  3	  3
352	  3	  2	  2
353	  2	  1	  1
354	  1	  0	  0
355	  0	 -1	 -1
356	 -1	 -2	 -2
357	 -2	 -3	 -3
358	 -3	 -4	 -4
359	 -4	 -5	 -5
360	  5	  6	  6
361	  4	  5	  5
362	  3	  4	  4
363	  2	  3	  3
364	  1	  2	  2
365	  0	  1	  1
366	 -1	  0	  0
367	 -2	 -1	 -1
368	 -3	 -2	 -2
369	 -4	 -3	 -3
370	  5	  8	 -4
371	  4	  7	 -5
372	  3	  6	 -6
373	  2	  5	 -7
374	  1	  4	 -8
375	  0	  3	 -9
376	 -1	  2	-10
377	 -2	  1	-11
378	 -3	  0	-12
379	 -4	 -1	-13
380	  5	 10	 -2
381	  4	  9	 -3
382	  3	  8	 -4
383	  2	  7	 -5
384	  1	  6	 -6
385	  0	  5	 -7
386	 -1	  4	 -8
387	 -2	  3	 -9
388	 -3	  2	-10
389	 -4	  1	-11
390	  5	  0	  0
391	  4	 -1	 -1
392	  3	 -2	 -2
393	  2	 -3	 -3
394	  1	 -4	 -4
395	  0	 -5	 -5
396	 -1	 -6	 -6
397	 -2	 -7	 -7
398	 -3	 -8	 -8
399	 -4	 -9	 -9
400	  5	  2	  2
401	  4	  1	  1
402	  3	  0	  0
403	  2	 -1	 -1
404	  1	 -2	 -2
405	  0	 -3	 -3
406	 -1	 -4	 -4
407	 -2	 -5	 -5
408	 -3	 -6	 -6
409	 -4	 -7	 -7
410	  5	  4	  4
411	  4	  3	  3
412	  3	  2	  2
413	  2	  1	  1
414	  1	  0	  0
415	  0	 -1	 -1
416	 -1	 -2	 -2
417	 -2	 -3	 -3
418	 -3	 -4	 -4
419	 -4	 -5	 -5
420	  5	  6	  6
421	  4	  5	  5
422	  3	  4	  4
423	  2	  3	  3
424	  1	  2	  2
425	  0	  1	  1
426	 -1	  0	  0
427	 -2	 -1	 -1
428	 -3	 -2	 -2
429	 -4	 -3	 -3
430	  5	  8	 -4
431	  4	  7	 -5
432	  3	  6	 -6
433	  2	  5	 -7
434	  1	  4	 -8
435	  0	  3	 -9
436	 -1	  2	-10
437	 -2	  1	-11
438	 -3	  0	-12
439	 -4	 -1	-13
440	  5	 10	 -2
441	  4	  9	 -3
442	  3	  8	 -4
443	  2	  7	 -5
444	  1	  6	 -6
445	  0	  5	 -7
446	 -1	  4	 -8
447	 -2	  3	 -9
448	 -3	  2	-10
449	 -4	  1	-11
450	  5	  0	  0
451	  4	 -1	 -1
452	  3	 -2	 -2
453	  2	 -3	 -3
454	  1	 -4	 -4
455	  0	 -5	 -5
456	 -1	 -6	 -6
457	 -2	 -7	 -7
458	 -3	 -8	 -8
459	 -4	 -9	 -9
460	  5	  2	  2
461	  4	  1	  1
462	  3	  0	  0
463	  2	 -1	 -1
464	  1	 -2	 -2
465	  0	 -3	 -3
466	 -1	 -4	 -4
467	 -2	 -5	 -5
468	 -3	 -6	 -6
469	 -4	 -7	 -7
470	  5	  4	  4
471	  4	  3	  3
472	  3	  2	  2
473	  2	  1	  1
474	  1	  0	  0
475	  0	 -1	 -1
476	 -1	 -2	 -2
477	 -2	 -3	 -3
478	 -3	 -4	 -4
479	 -4	 -5	 -5
480	  5	  6	  6
481	  4	  5	  5
482	  3	  4	  4
483	  2	  3	  3
484	  1	  2	  2
485	  0	  1	  1
486	 -1	  0	  0
487	 -2	 -1	 -1
488	 -3	 -2	 -2
489	 -4	 -3	 -3
490	  5	  8	 -4
491	  4	  7	 -5
492	  3	  6	 -6
493	  2	  5	 -7
494	  1	  4	 -8
495	  0	  3	 -9
496	 -1	  2	-10
497	 -2	  1	-11
498	 -3	  0	-12
499	 -4	 -1	-13
500	  5	 10	 -2
501	  4	  9	 -3
502	  3	  8	 -4
503	  2	  7	 -5
504	  1	  6	 -6
505	  0	  5	 -7
506	 -1	  4	 -8
507	 -2	  3	 -9
508	 -3	  2	-10
509	 -4	  1	-11
510	  5	  0	  0
511	  4	 -1	 -1
512	  3	 -2	 -2
			
