1st column: original level => value
2nd column: method according to patent
3rd column: new formula suggested by reviewer
            ie, F0 = trunc((q0/q1)(F0 + 1/2) + 1/2)

INTRA, QS 10 => 12, W 16
-20 => -200 | -17 => -204 ( -4) | -17 => -204 ( -4)
-19 => -190 | -16 => -192 ( -2) | -16 => -192 ( -2)
-18 => -180 | -15 => -180 (  0) | -15 => -180 (  0)
-17 => -170 | -14 => -168 (  2) | -15 => -180 (-10)
-16 => -160 | -13 => -156 (  4) | -14 => -168 ( -8)
-15 => -150 | -12 => -144 (  6) | -13 => -156 ( -6)
-14 => -140 | -12 => -144 ( -4) | -12 => -144 ( -4)
-13 => -130 | -11 => -132 ( -2) | -11 => -132 ( -2)
-12 => -120 | -10 => -120 (  0) | -10 => -120 (  0)
-11 => -110 |  -9 => -108 (  2) | -10 => -120 (-10)
-10 => -100 |  -8 =>  -96 (  4) |  -9 => -108 ( -8)
 -9 =>  -90 |  -7 =>  -84 (  6) |  -8 =>  -96 ( -6)
 -8 =>  -80 |  -7 =>  -84 ( -4) |  -7 =>  -84 ( -4)
 -7 =>  -70 |  -6 =>  -72 ( -2) |  -6 =>  -72 ( -2)
 -6 =>  -60 |  -5 =>  -60 (  0) |  -5 =>  -60 (  0)
 -5 =>  -50 |  -4 =>  -48 (  2) |  -5 =>  -60 (-10)
 -4 =>  -40 |  -3 =>  -36 (  4) |  -4 =>  -48 ( -8)
 -3 =>  -30 |  -2 =>  -24 (  6) |  -3 =>  -36 ( -6)
 -2 =>  -20 |  -2 =>  -24 ( -4) |  -2 =>  -24 ( -4)
 -1 =>  -10 |  -1 =>  -12 ( -2) |  -1 =>  -12 ( -2)
  0 =>    0 |   0 =>    0 (  0) |   0 =>    0 (  0)
  1 =>   10 |   1 =>   12 (  2) |   1 =>   12 (  2)
  2 =>   20 |   2 =>   24 (  4) |   2 =>   24 (  4)
  3 =>   30 |   2 =>   24 ( -6) |   3 =>   36 (  6)
  4 =>   40 |   3 =>   36 ( -4) |   4 =>   48 (  8)
  5 =>   50 |   4 =>   48 ( -2) |   5 =>   60 ( 10)
  6 =>   60 |   5 =>   60 (  0) |   5 =>   60 (  0)
  7 =>   70 |   6 =>   72 (  2) |   6 =>   72 (  2)
  8 =>   80 |   7 =>   84 (  4) |   7 =>   84 (  4)
  9 =>   90 |   7 =>   84 ( -6) |   8 =>   96 (  6)
 10 =>  100 |   8 =>   96 ( -4) |   9 =>  108 (  8)
 11 =>  110 |   9 =>  108 ( -2) |  10 =>  120 ( 10)
 12 =>  120 |  10 =>  120 (  0) |  10 =>  120 (  0)
 13 =>  130 |  11 =>  132 (  2) |  11 =>  132 (  2)
 14 =>  140 |  12 =>  144 (  4) |  12 =>  144 (  4)
 15 =>  150 |  12 =>  144 ( -6) |  13 =>  156 (  6)
 16 =>  160 |  13 =>  156 ( -4) |  14 =>  168 (  8)
 17 =>  170 |  14 =>  168 ( -2) |  15 =>  180 ( 10)
 18 =>  180 |  15 =>  180 (  0) |  15 =>  180 (  0)
 19 =>  190 |  16 =>  192 (  2) |  16 =>  192 (  2)
 20 =>  200 |  17 =>  204 (  4) |  17 =>  204 (  4)

INTER, QS 10 => 12, W 16
-20 => -205 | -17 => -210 ( -5) | -17 => -210 ( -5)
-19 => -195 | -16 => -198 ( -3) | -16 => -198 ( -3)
-18 => -185 | -15 => -186 ( -1) | -15 => -186 ( -1)
-17 => -175 | -14 => -174 (  1) | -15 => -186 (-11)
-16 => -165 | -13 => -162 (  3) | -14 => -174 ( -9)
-15 => -155 | -12 => -150 (  5) | -13 => -162 ( -7)
-14 => -145 | -12 => -150 ( -5) | -12 => -150 ( -5)
-13 => -135 | -11 => -138 ( -3) | -11 => -138 ( -3)
-12 => -125 | -10 => -126 ( -1) | -10 => -126 ( -1)
-11 => -115 |  -9 => -114 (  1) | -10 => -126 (-11)
-10 => -105 |  -8 => -102 (  3) |  -9 => -114 ( -9)
 -9 =>  -95 |  -7 =>  -90 (  5) |  -8 => -102 ( -7)
 -8 =>  -85 |  -7 =>  -90 ( -5) |  -7 =>  -90 ( -5)
 -7 =>  -75 |  -6 =>  -78 ( -3) |  -6 =>  -78 ( -3)
 -6 =>  -65 |  -5 =>  -66 ( -1) |  -5 =>  -66 ( -1)
 -5 =>  -55 |  -4 =>  -54 (  1) |  -5 =>  -66 (-11)
 -4 =>  -45 |  -3 =>  -42 (  3) |  -4 =>  -54 ( -9)
 -3 =>  -35 |  -2 =>  -30 (  5) |  -3 =>  -42 ( -7)
 -2 =>  -25 |  -2 =>  -30 ( -5) |  -2 =>  -30 ( -5)
 -1 =>  -15 |  -1 =>  -18 ( -3) |  -1 =>  -18 ( -3)
  0 =>    0 |   0 =>    0 (  0) |   0 =>    0 (  0)
  1 =>   15 |   1 =>   18 (  3) |   1 =>   18 (  3)
  2 =>   25 |   2 =>   30 (  5) |   2 =>   30 (  5)
  3 =>   35 |   2 =>   30 ( -5) |   3 =>   42 (  7)
  4 =>   45 |   3 =>   42 ( -3) |   4 =>   54 (  9)
  5 =>   55 |   4 =>   54 ( -1) |   5 =>   66 ( 11)
  6 =>   65 |   5 =>   66 (  1) |   5 =>   66 (  1)
  7 =>   75 |   6 =>   78 (  3) |   6 =>   78 (  3)
  8 =>   85 |   7 =>   90 (  5) |   7 =>   90 (  5)
  9 =>   95 |   7 =>   90 ( -5) |   8 =>  102 (  7)
 10 =>  105 |   8 =>  102 ( -3) |   9 =>  114 (  9)
 11 =>  115 |   9 =>  114 ( -1) |  10 =>  126 ( 11)
 12 =>  125 |  10 =>  126 (  1) |  10 =>  126 (  1)
 13 =>  135 |  11 =>  138 (  3) |  11 =>  138 (  3)
 14 =>  145 |  12 =>  150 (  5) |  12 =>  150 (  5)
 15 =>  155 |  12 =>  150 ( -5) |  13 =>  162 (  7)
 16 =>  165 |  13 =>  162 ( -3) |  14 =>  174 (  9)
 17 =>  175 |  14 =>  174 ( -1) |  15 =>  186 ( 11)
 18 =>  185 |  15 =>  186 (  1) |  15 =>  186 (  1)
 19 =>  195 |  16 =>  198 (  3) |  16 =>  198 (  3)
 20 =>  205 |  17 =>  210 (  5) |  17 =>  210 (  5)

