F1 = trunc((q0/q1)(F0 + 1/2) + 1/2)

INTRA, QS 10 => 12, W 16
-30 => -300 | -25 => -300 (  0) | -25 => -300 (  0) | -25 => -300 (  0)
-29 => -290 | -24 => -288 (  2) | -24 => -288 (  2) | -24 => -288 (  2)
-28 => -280 | -23 => -276 (  4) | -23 => -276 (  4) | -23 => -276 (  4)
-27 => -270 | -22 => -264 (  6) | -22 => -264 (  6) | -22 => -264 (  6)
-26 => -260 | -22 => -264 ( -4) | -22 => -264 ( -4) | -21 => -252 (  8)
-25 => -250 | -21 => -252 ( -2) | -21 => -252 ( -2) | -20 => -240 ( 10)
-24 => -240 | -20 => -240 (  0) | -20 => -240 (  0) | -20 => -240 (  0)
-23 => -230 | -19 => -228 (  2) | -19 => -228 (  2) | -19 => -228 (  2)
-22 => -220 | -18 => -216 (  4) | -18 => -216 (  4) | -18 => -216 (  4)
-21 => -210 | -17 => -204 (  6) | -17 => -204 (  6) | -17 => -204 (  6)
-20 => -200 | -17 => -204 ( -4) | -17 => -204 ( -4) | -16 => -192 (  8)
-19 => -190 | -16 => -192 ( -2) | -16 => -192 ( -2) | -15 => -180 ( 10)
-18 => -180 | -15 => -180 (  0) | -15 => -180 (  0) | -15 => -180 (  0)
-17 => -170 | -14 => -168 (  2) | -14 => -168 (  2) | -14 => -168 (  2)
-16 => -160 | -13 => -156 (  4) | -13 => -156 (  4) | -13 => -156 (  4)
-15 => -150 | -12 => -144 (  6) | -12 => -144 (  6) | -12 => -144 (  6)
-14 => -140 | -12 => -144 ( -4) | -12 => -144 ( -4) | -11 => -132 (  8)
-13 => -130 | -11 => -132 ( -2) | -11 => -132 ( -2) | -10 => -120 ( 10)
-12 => -120 | -10 => -120 (  0) | -10 => -120 (  0) | -10 => -120 (  0)
-11 => -110 |  -9 => -108 (  2) |  -9 => -108 (  2) |  -9 => -108 (  2)
-10 => -100 |  -8 =>  -96 (  4) |  -8 =>  -96 (  4) |  -8 =>  -96 (  4)
 -9 =>  -90 |  -7 =>  -84 (  6) |  -7 =>  -84 (  6) |  -7 =>  -84 (  6)
 -8 =>  -80 |  -7 =>  -84 ( -4) |  -7 =>  -84 ( -4) |  -6 =>  -72 (  8)
 -7 =>  -70 |  -6 =>  -72 ( -2) |  -6 =>  -72 ( -2) |  -5 =>  -60 ( 10)
 -6 =>  -60 |  -5 =>  -60 (  0) |  -5 =>  -60 (  0) |  -5 =>  -60 (  0)
 -5 =>  -50 |  -4 =>  -48 (  2) |  -4 =>  -48 (  2) |  -4 =>  -48 (  2)
 -4 =>  -40 |  -3 =>  -36 (  4) |  -3 =>  -36 (  4) |  -3 =>  -36 (  4)
 -3 =>  -30 |  -2 =>  -24 (  6) |  -2 =>  -24 (  6) |  -2 =>  -24 (  6)
 -2 =>  -20 |  -2 =>  -24 ( -4) |  -2 =>  -24 ( -4) |  -1 =>  -12 (  8)
 -1 =>  -10 |  -1 =>  -12 ( -2) |  -1 =>  -12 ( -2) |   0 =>    0 ( 10)
  0 =>    0 |   0 =>    0 (  0) |   0 =>    0 (  0) |   0 =>    0 (  0)
  1 =>   10 |   1 =>   12 (  2) |   1 =>   12 (  2) |   1 =>   12 (  2)
  2 =>   20 |   2 =>   24 (  4) |   2 =>   24 (  4) |   2 =>   24 (  4)
  3 =>   30 |   2 =>   24 ( -6) |   2 =>   24 ( -6) |   3 =>   36 (  6)
  4 =>   40 |   3 =>   36 ( -4) |   3 =>   36 ( -4) |   4 =>   48 (  8)
  5 =>   50 |   4 =>   48 ( -2) |   4 =>   48 ( -2) |   5 =>   60 ( 10)
  6 =>   60 |   5 =>   60 (  0) |   5 =>   60 (  0) |   5 =>   60 (  0)
  7 =>   70 |   6 =>   72 (  2) |   6 =>   72 (  2) |   6 =>   72 (  2)
  8 =>   80 |   7 =>   84 (  4) |   7 =>   84 (  4) |   7 =>   84 (  4)
  9 =>   90 |   7 =>   84 ( -6) |   7 =>   84 ( -6) |   8 =>   96 (  6)
 10 =>  100 |   8 =>   96 ( -4) |   8 =>   96 ( -4) |   9 =>  108 (  8)
 11 =>  110 |   9 =>  108 ( -2) |   9 =>  108 ( -2) |  10 =>  120 ( 10)
 12 =>  120 |  10 =>  120 (  0) |  10 =>  120 (  0) |  10 =>  120 (  0)
 13 =>  130 |  11 =>  132 (  2) |  11 =>  132 (  2) |  11 =>  132 (  2)
 14 =>  140 |  12 =>  144 (  4) |  12 =>  144 (  4) |  12 =>  144 (  4)
 15 =>  150 |  12 =>  144 ( -6) |  12 =>  144 ( -6) |  13 =>  156 (  6)
 16 =>  160 |  13 =>  156 ( -4) |  13 =>  156 ( -4) |  14 =>  168 (  8)
 17 =>  170 |  14 =>  168 ( -2) |  14 =>  168 ( -2) |  15 =>  180 ( 10)
 18 =>  180 |  15 =>  180 (  0) |  15 =>  180 (  0) |  15 =>  180 (  0)
 19 =>  190 |  16 =>  192 (  2) |  16 =>  192 (  2) |  16 =>  192 (  2)
 20 =>  200 |  17 =>  204 (  4) |  17 =>  204 (  4) |  17 =>  204 (  4)
 21 =>  210 |  17 =>  204 ( -6) |  17 =>  204 ( -6) |  18 =>  216 (  6)
 22 =>  220 |  18 =>  216 ( -4) |  18 =>  216 ( -4) |  19 =>  228 (  8)
 23 =>  230 |  19 =>  228 ( -2) |  19 =>  228 ( -2) |  20 =>  240 ( 10)
 24 =>  240 |  20 =>  240 (  0) |  20 =>  240 (  0) |  20 =>  240 (  0)
 25 =>  250 |  21 =>  252 (  2) |  21 =>  252 (  2) |  21 =>  252 (  2)
 26 =>  260 |  22 =>  264 (  4) |  22 =>  264 (  4) |  22 =>  264 (  4)
 27 =>  270 |  22 =>  264 ( -6) |  22 =>  264 ( -6) |  23 =>  276 (  6)
 28 =>  280 |  23 =>  276 ( -4) |  23 =>  276 ( -4) |  24 =>  288 (  8)
 29 =>  290 |  24 =>  288 ( -2) |  24 =>  288 ( -2) |  25 =>  300 ( 10)
 30 =>  300 |  25 =>  300 (  0) |  25 =>  300 (  0) |  25 =>  300 (  0)

INTER, QS 10 => 12, W 16
-30 => -305 | -25 => -306 ( -1) | -25 => -306 ( -1) | -25 => -306 ( -1)
-29 => -295 | -24 => -294 (  1) | -24 => -294 (  1) | -24 => -294 (  1)
-28 => -285 | -23 => -282 (  3) | -23 => -282 (  3) | -23 => -282 (  3)
-27 => -275 | -22 => -270 (  5) | -22 => -270 (  5) | -22 => -270 (  5)
-26 => -265 | -22 => -270 ( -5) | -21 => -258 (  7) | -21 => -258 (  7)
-25 => -255 | -21 => -258 ( -3) | -20 => -246 (  9) | -20 => -246 (  9)
-24 => -245 | -20 => -246 ( -1) | -20 => -246 ( -1) | -20 => -246 ( -1)
-23 => -235 | -19 => -234 (  1) | -19 => -234 (  1) | -19 => -234 (  1)
-22 => -225 | -18 => -222 (  3) | -18 => -222 (  3) | -18 => -222 (  3)
-21 => -215 | -17 => -210 (  5) | -17 => -210 (  5) | -17 => -210 (  5)
-20 => -205 | -17 => -210 ( -5) | -16 => -198 (  7) | -16 => -198 (  7)
-19 => -195 | -16 => -198 ( -3) | -15 => -186 (  9) | -15 => -186 (  9)
-18 => -185 | -15 => -186 ( -1) | -15 => -186 ( -1) | -15 => -186 ( -1)
-17 => -175 | -14 => -174 (  1) | -14 => -174 (  1) | -14 => -174 (  1)
-16 => -165 | -13 => -162 (  3) | -13 => -162 (  3) | -13 => -162 (  3)
-15 => -155 | -12 => -150 (  5) | -12 => -150 (  5) | -12 => -150 (  5)
-14 => -145 | -12 => -150 ( -5) | -11 => -138 (  7) | -11 => -138 (  7)
-13 => -135 | -11 => -138 ( -3) | -10 => -126 (  9) | -10 => -126 (  9)
-12 => -125 | -10 => -126 ( -1) | -10 => -126 ( -1) | -10 => -126 ( -1)
-11 => -115 |  -9 => -114 (  1) |  -9 => -114 (  1) |  -9 => -114 (  1)
-10 => -105 |  -8 => -102 (  3) |  -8 => -102 (  3) |  -8 => -102 (  3)
 -9 =>  -95 |  -7 =>  -90 (  5) |  -7 =>  -90 (  5) |  -7 =>  -90 (  5)
 -8 =>  -85 |  -7 =>  -90 ( -5) |  -6 =>  -78 (  7) |  -6 =>  -78 (  7)
 -7 =>  -75 |  -6 =>  -78 ( -3) |  -5 =>  -66 (  9) |  -5 =>  -66 (  9)
 -6 =>  -65 |  -5 =>  -66 ( -1) |  -5 =>  -66 ( -1) |  -5 =>  -66 ( -1)
 -5 =>  -55 |  -4 =>  -54 (  1) |  -4 =>  -54 (  1) |  -4 =>  -54 (  1)
 -4 =>  -45 |  -3 =>  -42 (  3) |  -3 =>  -42 (  3) |  -3 =>  -42 (  3)
 -3 =>  -35 |  -2 =>  -30 (  5) |  -2 =>  -30 (  5) |  -2 =>  -30 (  5)
 -2 =>  -25 |  -2 =>  -30 ( -5) |  -1 =>  -18 (  7) |  -1 =>  -18 (  7)
 -1 =>  -15 |  -1 =>  -18 ( -3) |   0 =>    0 ( 15) |   0 =>    0 ( 15)
  0 =>    0 |   0 =>    0 (  0) |   0 =>    0 (  0) |   0 =>    0 (  0)
  1 =>   15 |   1 =>   18 (  3) |   0 =>    0 (-15) |   1 =>   18 (  3)
  2 =>   25 |   2 =>   30 (  5) |   1 =>   18 ( -7) |   2 =>   30 (  5)
  3 =>   35 |   2 =>   30 ( -5) |   2 =>   30 ( -5) |   3 =>   42 (  7)
  4 =>   45 |   3 =>   42 ( -3) |   3 =>   42 ( -3) |   4 =>   54 (  9)
  5 =>   55 |   4 =>   54 ( -1) |   4 =>   54 ( -1) |   5 =>   66 ( 11)
  6 =>   65 |   5 =>   66 (  1) |   5 =>   66 (  1) |   5 =>   66 (  1)
  7 =>   75 |   6 =>   78 (  3) |   5 =>   66 ( -9) |   6 =>   78 (  3)
  8 =>   85 |   7 =>   90 (  5) |   6 =>   78 ( -7) |   7 =>   90 (  5)
  9 =>   95 |   7 =>   90 ( -5) |   7 =>   90 ( -5) |   8 =>  102 (  7)
 10 =>  105 |   8 =>  102 ( -3) |   8 =>  102 ( -3) |   9 =>  114 (  9)
 11 =>  115 |   9 =>  114 ( -1) |   9 =>  114 ( -1) |  10 =>  126 ( 11)
 12 =>  125 |  10 =>  126 (  1) |  10 =>  126 (  1) |  10 =>  126 (  1)
 13 =>  135 |  11 =>  138 (  3) |  10 =>  126 ( -9) |  11 =>  138 (  3)
 14 =>  145 |  12 =>  150 (  5) |  11 =>  138 ( -7) |  12 =>  150 (  5)
 15 =>  155 |  12 =>  150 ( -5) |  12 =>  150 ( -5) |  13 =>  162 (  7)
 16 =>  165 |  13 =>  162 ( -3) |  13 =>  162 ( -3) |  14 =>  174 (  9)
 17 =>  175 |  14 =>  174 ( -1) |  14 =>  174 ( -1) |  15 =>  186 ( 11)
 18 =>  185 |  15 =>  186 (  1) |  15 =>  186 (  1) |  15 =>  186 (  1)
 19 =>  195 |  16 =>  198 (  3) |  15 =>  186 ( -9) |  16 =>  198 (  3)
 20 =>  205 |  17 =>  210 (  5) |  16 =>  198 ( -7) |  17 =>  210 (  5)
 21 =>  215 |  17 =>  210 ( -5) |  17 =>  210 ( -5) |  18 =>  222 (  7)
 22 =>  225 |  18 =>  222 ( -3) |  18 =>  222 ( -3) |  19 =>  234 (  9)
 23 =>  235 |  19 =>  234 ( -1) |  19 =>  234 ( -1) |  20 =>  246 ( 11)
 24 =>  245 |  20 =>  246 (  1) |  20 =>  246 (  1) |  20 =>  246 (  1)
 25 =>  255 |  21 =>  258 (  3) |  20 =>  246 ( -9) |  21 =>  258 (  3)
 26 =>  265 |  22 =>  270 (  5) |  21 =>  258 ( -7) |  22 =>  270 (  5)
 27 =>  275 |  22 =>  270 ( -5) |  22 =>  270 ( -5) |  23 =>  282 (  7)
 28 =>  285 |  23 =>  282 ( -3) |  23 =>  282 ( -3) |  24 =>  294 (  9)
 29 =>  295 |  24 =>  294 ( -1) |  24 =>  294 ( -1) |  25 =>  306 ( 11)
 30 =>  305 |  25 =>  306 (  1) |  25 =>  306 (  1) |  25 =>  306 (  1)

===========================================================================

F0 = trunc((q0/q1)(F0 + 1/2) - 1/2)

INTRA, QS 10 => 12, W 16
-30 => -300 | -25 => -300 (  0) | -25 => -300 (  0) | -24 => -288 ( 12)
-29 => -290 | -24 => -288 (  2) | -24 => -288 (  2) | -23 => -276 ( 14)
-28 => -280 | -23 => -276 (  4) | -23 => -276 (  4) | -22 => -264 ( 16)
-27 => -270 | -22 => -264 (  6) | -22 => -264 (  6) | -21 => -252 ( 18)
-26 => -260 | -22 => -264 ( -4) | -22 => -264 ( -4) | -20 => -240 ( 20)
-25 => -250 | -21 => -252 ( -2) | -21 => -252 ( -2) | -19 => -228 ( 22)
-24 => -240 | -20 => -240 (  0) | -20 => -240 (  0) | -19 => -228 ( 12)
-23 => -230 | -19 => -228 (  2) | -19 => -228 (  2) | -18 => -216 ( 14)
-22 => -220 | -18 => -216 (  4) | -18 => -216 (  4) | -17 => -204 ( 16)
-21 => -210 | -17 => -204 (  6) | -17 => -204 (  6) | -16 => -192 ( 18)
-20 => -200 | -17 => -204 ( -4) | -17 => -204 ( -4) | -15 => -180 ( 20)
-19 => -190 | -16 => -192 ( -2) | -16 => -192 ( -2) | -14 => -168 ( 22)
-18 => -180 | -15 => -180 (  0) | -15 => -180 (  0) | -14 => -168 ( 12)
-17 => -170 | -14 => -168 (  2) | -14 => -168 (  2) | -13 => -156 ( 14)
-16 => -160 | -13 => -156 (  4) | -13 => -156 (  4) | -12 => -144 ( 16)
-15 => -150 | -12 => -144 (  6) | -12 => -144 (  6) | -11 => -132 ( 18)
-14 => -140 | -12 => -144 ( -4) | -12 => -144 ( -4) | -10 => -120 ( 20)
-13 => -130 | -11 => -132 ( -2) | -11 => -132 ( -2) |  -9 => -108 ( 22)
-12 => -120 | -10 => -120 (  0) | -10 => -120 (  0) |  -9 => -108 ( 12)
-11 => -110 |  -9 => -108 (  2) |  -9 => -108 (  2) |  -8 =>  -96 ( 14)
-10 => -100 |  -8 =>  -96 (  4) |  -8 =>  -96 (  4) |  -7 =>  -84 ( 16)
 -9 =>  -90 |  -7 =>  -84 (  6) |  -7 =>  -84 (  6) |  -6 =>  -72 ( 18)
 -8 =>  -80 |  -7 =>  -84 ( -4) |  -7 =>  -84 ( -4) |  -5 =>  -60 ( 20)
 -7 =>  -70 |  -6 =>  -72 ( -2) |  -6 =>  -72 ( -2) |  -4 =>  -48 ( 22)
 -6 =>  -60 |  -5 =>  -60 (  0) |  -5 =>  -60 (  0) |  -4 =>  -48 ( 12)
 -5 =>  -50 |  -4 =>  -48 (  2) |  -4 =>  -48 (  2) |  -3 =>  -36 ( 14)
 -4 =>  -40 |  -3 =>  -36 (  4) |  -3 =>  -36 (  4) |  -2 =>  -24 ( 16)
 -3 =>  -30 |  -2 =>  -24 (  6) |  -2 =>  -24 (  6) |  -1 =>  -12 ( 18)
 -2 =>  -20 |  -2 =>  -24 ( -4) |  -2 =>  -24 ( -4) |   0 =>    0 ( 20)
 -1 =>  -10 |  -1 =>  -12 ( -2) |  -1 =>  -12 ( -2) |   0 =>    0 ( 10)
  0 =>    0 |   0 =>    0 (  0) |   0 =>    0 (  0) |   0 =>    0 (  0)
  1 =>   10 |   1 =>   12 (  2) |   1 =>   12 (  2) |   0 =>    0 (-10)
  2 =>   20 |   2 =>   24 (  4) |   2 =>   24 (  4) |   1 =>   12 ( -8)
  3 =>   30 |   2 =>   24 ( -6) |   2 =>   24 ( -6) |   2 =>   24 ( -6)
  4 =>   40 |   3 =>   36 ( -4) |   3 =>   36 ( -4) |   3 =>   36 ( -4)
  5 =>   50 |   4 =>   48 ( -2) |   4 =>   48 ( -2) |   4 =>   48 ( -2)
  6 =>   60 |   5 =>   60 (  0) |   5 =>   60 (  0) |   4 =>   48 (-12)
  7 =>   70 |   6 =>   72 (  2) |   6 =>   72 (  2) |   5 =>   60 (-10)
  8 =>   80 |   7 =>   84 (  4) |   7 =>   84 (  4) |   6 =>   72 ( -8)
  9 =>   90 |   7 =>   84 ( -6) |   7 =>   84 ( -6) |   7 =>   84 ( -6)
 10 =>  100 |   8 =>   96 ( -4) |   8 =>   96 ( -4) |   8 =>   96 ( -4)
 11 =>  110 |   9 =>  108 ( -2) |   9 =>  108 ( -2) |   9 =>  108 ( -2)
 12 =>  120 |  10 =>  120 (  0) |  10 =>  120 (  0) |   9 =>  108 (-12)
 13 =>  130 |  11 =>  132 (  2) |  11 =>  132 (  2) |  10 =>  120 (-10)
 14 =>  140 |  12 =>  144 (  4) |  12 =>  144 (  4) |  11 =>  132 ( -8)
 15 =>  150 |  12 =>  144 ( -6) |  12 =>  144 ( -6) |  12 =>  144 ( -6)
 16 =>  160 |  13 =>  156 ( -4) |  13 =>  156 ( -4) |  13 =>  156 ( -4)
 17 =>  170 |  14 =>  168 ( -2) |  14 =>  168 ( -2) |  14 =>  168 ( -2)
 18 =>  180 |  15 =>  180 (  0) |  15 =>  180 (  0) |  14 =>  168 (-12)
 19 =>  190 |  16 =>  192 (  2) |  16 =>  192 (  2) |  15 =>  180 (-10)
 20 =>  200 |  17 =>  204 (  4) |  17 =>  204 (  4) |  16 =>  192 ( -8)
 21 =>  210 |  17 =>  204 ( -6) |  17 =>  204 ( -6) |  17 =>  204 ( -6)
 22 =>  220 |  18 =>  216 ( -4) |  18 =>  216 ( -4) |  18 =>  216 ( -4)
 23 =>  230 |  19 =>  228 ( -2) |  19 =>  228 ( -2) |  19 =>  228 ( -2)
 24 =>  240 |  20 =>  240 (  0) |  20 =>  240 (  0) |  19 =>  228 (-12)
 25 =>  250 |  21 =>  252 (  2) |  21 =>  252 (  2) |  20 =>  240 (-10)
 26 =>  260 |  22 =>  264 (  4) |  22 =>  264 (  4) |  21 =>  252 ( -8)
 27 =>  270 |  22 =>  264 ( -6) |  22 =>  264 ( -6) |  22 =>  264 ( -6)
 28 =>  280 |  23 =>  276 ( -4) |  23 =>  276 ( -4) |  23 =>  276 ( -4)
 29 =>  290 |  24 =>  288 ( -2) |  24 =>  288 ( -2) |  24 =>  288 ( -2)
 30 =>  300 |  25 =>  300 (  0) |  25 =>  300 (  0) |  24 =>  288 (-12)

INTER, QS 10 => 12, W 16
-30 => -305 | -25 => -306 ( -1) | -25 => -306 ( -1) | -24 => -294 ( 11)
-29 => -295 | -24 => -294 (  1) | -24 => -294 (  1) | -23 => -282 ( 13)
-28 => -285 | -23 => -282 (  3) | -23 => -282 (  3) | -22 => -270 ( 15)
-27 => -275 | -22 => -270 (  5) | -22 => -270 (  5) | -21 => -258 ( 17)
-26 => -265 | -22 => -270 ( -5) | -21 => -258 (  7) | -20 => -246 ( 19)
-25 => -255 | -21 => -258 ( -3) | -20 => -246 (  9) | -19 => -234 ( 21)
-24 => -245 | -20 => -246 ( -1) | -20 => -246 ( -1) | -19 => -234 ( 11)
-23 => -235 | -19 => -234 (  1) | -19 => -234 (  1) | -18 => -222 ( 13)
-22 => -225 | -18 => -222 (  3) | -18 => -222 (  3) | -17 => -210 ( 15)
-21 => -215 | -17 => -210 (  5) | -17 => -210 (  5) | -16 => -198 ( 17)
-20 => -205 | -17 => -210 ( -5) | -16 => -198 (  7) | -15 => -186 ( 19)
-19 => -195 | -16 => -198 ( -3) | -15 => -186 (  9) | -14 => -174 ( 21)
-18 => -185 | -15 => -186 ( -1) | -15 => -186 ( -1) | -14 => -174 ( 11)
-17 => -175 | -14 => -174 (  1) | -14 => -174 (  1) | -13 => -162 ( 13)
-16 => -165 | -13 => -162 (  3) | -13 => -162 (  3) | -12 => -150 ( 15)
-15 => -155 | -12 => -150 (  5) | -12 => -150 (  5) | -11 => -138 ( 17)
-14 => -145 | -12 => -150 ( -5) | -11 => -138 (  7) | -10 => -126 ( 19)
-13 => -135 | -11 => -138 ( -3) | -10 => -126 (  9) |  -9 => -114 ( 21)
-12 => -125 | -10 => -126 ( -1) | -10 => -126 ( -1) |  -9 => -114 ( 11)
-11 => -115 |  -9 => -114 (  1) |  -9 => -114 (  1) |  -8 => -102 ( 13)
-10 => -105 |  -8 => -102 (  3) |  -8 => -102 (  3) |  -7 =>  -90 ( 15)
 -9 =>  -95 |  -7 =>  -90 (  5) |  -7 =>  -90 (  5) |  -6 =>  -78 ( 17)
 -8 =>  -85 |  -7 =>  -90 ( -5) |  -6 =>  -78 (  7) |  -5 =>  -66 ( 19)
 -7 =>  -75 |  -6 =>  -78 ( -3) |  -5 =>  -66 (  9) |  -4 =>  -54 ( 21)
 -6 =>  -65 |  -5 =>  -66 ( -1) |  -5 =>  -66 ( -1) |  -4 =>  -54 ( 11)
 -5 =>  -55 |  -4 =>  -54 (  1) |  -4 =>  -54 (  1) |  -3 =>  -42 ( 13)
 -4 =>  -45 |  -3 =>  -42 (  3) |  -3 =>  -42 (  3) |  -2 =>  -30 ( 15)
 -3 =>  -35 |  -2 =>  -30 (  5) |  -2 =>  -30 (  5) |  -1 =>  -18 ( 17)
 -2 =>  -25 |  -2 =>  -30 ( -5) |  -1 =>  -18 (  7) |   0 =>    0 ( 25)
 -1 =>  -15 |  -1 =>  -18 ( -3) |   0 =>    0 ( 15) |   0 =>    0 ( 15)
  0 =>    0 |   0 =>    0 (  0) |   0 =>    0 (  0) |   0 =>    0 (  0)
  1 =>   15 |   1 =>   18 (  3) |   0 =>    0 (-15) |   0 =>    0 (-15)
  2 =>   25 |   2 =>   30 (  5) |   1 =>   18 ( -7) |   1 =>   18 ( -7)
  3 =>   35 |   2 =>   30 ( -5) |   2 =>   30 ( -5) |   2 =>   30 ( -5)
  4 =>   45 |   3 =>   42 ( -3) |   3 =>   42 ( -3) |   3 =>   42 ( -3)
  5 =>   55 |   4 =>   54 ( -1) |   4 =>   54 ( -1) |   4 =>   54 ( -1)
  6 =>   65 |   5 =>   66 (  1) |   5 =>   66 (  1) |   4 =>   54 (-11)
  7 =>   75 |   6 =>   78 (  3) |   5 =>   66 ( -9) |   5 =>   66 ( -9)
  8 =>   85 |   7 =>   90 (  5) |   6 =>   78 ( -7) |   6 =>   78 ( -7)
  9 =>   95 |   7 =>   90 ( -5) |   7 =>   90 ( -5) |   7 =>   90 ( -5)
 10 =>  105 |   8 =>  102 ( -3) |   8 =>  102 ( -3) |   8 =>  102 ( -3)
 11 =>  115 |   9 =>  114 ( -1) |   9 =>  114 ( -1) |   9 =>  114 ( -1)
 12 =>  125 |  10 =>  126 (  1) |  10 =>  126 (  1) |   9 =>  114 (-11)
 13 =>  135 |  11 =>  138 (  3) |  10 =>  126 ( -9) |  10 =>  126 ( -9)
 14 =>  145 |  12 =>  150 (  5) |  11 =>  138 ( -7) |  11 =>  138 ( -7)
 15 =>  155 |  12 =>  150 ( -5) |  12 =>  150 ( -5) |  12 =>  150 ( -5)
 16 =>  165 |  13 =>  162 ( -3) |  13 =>  162 ( -3) |  13 =>  162 ( -3)
 17 =>  175 |  14 =>  174 ( -1) |  14 =>  174 ( -1) |  14 =>  174 ( -1)
 18 =>  185 |  15 =>  186 (  1) |  15 =>  186 (  1) |  14 =>  174 (-11)
 19 =>  195 |  16 =>  198 (  3) |  15 =>  186 ( -9) |  15 =>  186 ( -9)
 20 =>  205 |  17 =>  210 (  5) |  16 =>  198 ( -7) |  16 =>  198 ( -7)
 21 =>  215 |  17 =>  210 ( -5) |  17 =>  210 ( -5) |  17 =>  210 ( -5)
 22 =>  225 |  18 =>  222 ( -3) |  18 =>  222 ( -3) |  18 =>  222 ( -3)
 23 =>  235 |  19 =>  234 ( -1) |  19 =>  234 ( -1) |  19 =>  234 ( -1)
 24 =>  245 |  20 =>  246 (  1) |  20 =>  246 (  1) |  19 =>  234 (-11)
 25 =>  255 |  21 =>  258 (  3) |  20 =>  246 ( -9) |  20 =>  246 ( -9)
 26 =>  265 |  22 =>  270 (  5) |  21 =>  258 ( -7) |  21 =>  258 ( -7)
 27 =>  275 |  22 =>  270 ( -5) |  22 =>  270 ( -5) |  22 =>  270 ( -5)
 28 =>  285 |  23 =>  282 ( -3) |  23 =>  282 ( -3) |  23 =>  282 ( -3)
 29 =>  295 |  24 =>  294 ( -1) |  24 =>  294 ( -1) |  24 =>  294 ( -1)
 30 =>  305 |  25 =>  306 (  1) |  25 =>  306 (  1) |  24 =>  294 (-11)

