Register message to SUP:
Ethernet header:
02 00 00 00 01 00 02 00 00 00 03 00 00 49 aa aa 
03 00 00 0c 01 0a 

IPC header and payload:
00 20 00 00 00 01 00 03 02 03 00 01 00 00 00 00 
00 01 00 02 00 40 02 04 00 00 00 00 00 00 00 00 
02 03 00 10 00 0f 47 41 4c 49 4f 53 20 49 50 43 
3a 54 45 53 54 00 00 00 00 00 00 00 00 00 00 00 
00 


Response from SUP:
02 00 00 00 03 00 02 00 00 00 01 00 20 0f 00 20 
00 00 02 03 00 01 00 01 00 03 00 00 00 00 00 01 
00 00 00 00 00 02 00 00 00 00 00 00 00 00 00 0f 
00 00 00 00 00 00 00 00 00 00 02 0a 

