  0	    0	  107	    0	    0	  115	    0	    0	  131	    0	    0	  103	    0	    0	  155	    0	    0	  151	    0	    0	  215	    0	    0	 1043	    0	    0	  977	    0	    0	  459	    0	    0	 1109	    0	    0	    0	 3817	    0	    0	    0	 1718	    0	    0	    0	 2288	    0	    0	    0	 7869	    0	    0	    0	 7316	    0	    0	    0	    0
  5	    0	  119	    0	    0	  122	    0	    0	  311	    0	    0	  465	    0	    0	  979	    0	    0	  869	    0	    0	 1219	    0	    0	 3385	    0	    0	 2206	    0	    0	 1043	    0	    0	 2448	    0	    0	    0	 4856	    0	    0	    0	 2022	    0	    0	    0	 2213	    0	    0	    0	 3070	    0	    0	    0	 1641	    0	    0	    0	    0
 10	    0	  249	    0	    0	  188	    0	    0	 1067	    0	    0	  184	    0	    0	  344	    0	    0	  400	    0	    0	  586	    0	    0	 2701	    0	    0	 1886	    0	    0	  825	    0	    0	 4020	    0	    0	    0	 6681	    0	    0	    0	 3552	    0	    0	    0	 3451	    0	    0	    0	 1949	    0	    0	    0	  246	    0	    0	    0	    0
 15	    0	 3349	    0	    0	 1784	    0	    0	 7989	    0	    0	  451	    0	    0	  980	    0	    0	  823	    0	    0	  426	    0	    0	 6454	    0	    0	 4955	    0	    0	 1007	    0	    0	 8807	    0	    0	    0	 4325	    0	    0	    0	 5803	    0	    0	    0	 4220	    0	    0	    0	 1959	    0	    0	    0	  193	    1	    0	    0	    0
 20	    0	 5088	    0	    0	 9609	    0	    0	 3256	    0	    0	 3235	    0	    0	 3234	    0	    0	 4909	    0	    0	 1449	    0	    0	 3898	    0	    0	 4276	    0	    0	 4263	    0	    0	 1528	    0	    0	    0	 1488	    0	    0	    0	 2361	    0	    0	    0	 1953	    0	    0	    0	  658	    0	    0	    0	  270	    0	    0	    0	    0
 25	    0	   26	    0	    0	   34	    0	    0	  149	    0	    0	  654	    0	    0	  828	    0	    0	  982	    0	    0	 1019	    0	    0	  411	    0	    0	  613	    0	    0	 1086	    0	    0	  377	    0	    0	    0	  742	    0	    0	    0	  803	    0	    0	    0	  866	    0	    0	    0	  660	    1	    0	    0	  198	    0	    0	    0	    0
 30	    0	 2856	    0	    0	  563	    0	    0	 1168	    0	    0	 4303	    0	    0	 3781	    0	    0	 2689	    0	    0	 4529	    0	    0	   18	    0	    0	  675	    0	    0	 2208	    0	    0	    4	    0	    0	    0	  238	    0	    0	    0	  525	    0	    0	    0	  698	    0	    0	    0	  669	    0	    0	    0	  221	    0	    1	    0	    0
 35	    0	    0	    0	    0	    3	    0	    0	   45	    0	    0	  389	    0	    0	  504	    0	    0	  433	    0	    0	  834	    0	    0	    0	    0	    0	  144	    0	    0	  536	    0	    0	    0	    0	    0	    0	   13	    0	    0	    0	  189	    0	    0	    0	  563	    0	    0	    0	  617	    2	    1	    0	  136	    0	    0	    0	    0
 40	    0	    0	    0	    0	    0	    0	    0	    0	    0	    0	    3	    0	    0	    0	    0	    0	    2	    0	    0	   17	    0	    0	    0	    0	    0	   30	    0	    0	  116	    0	    0	    0	    0	    0	    0	    6	    0	    0	    0	   77	    0	    0	    0	  318	    0	    0	    0	  776	    0	    1	    0	  176	    2	    1	    0	    0
 45	    0	    0	    0	    0	    0	    0	    0	    0	    0	    0	    0	    0	    0	    0	    0	    0	    0	    0	    0	    0	    0	    0	    0	    0	    0	    0	    0	    0	    1	    0	    0	    0	    0	    0	    0	    0	    0	    0	    0	    0	    0	    0	    0	   52	    0	    0	    0	  545	    0	    1	    0	  135	    0	    1	    0	    0
 50	    0	    0	    0	    0	    0	    0	    0	    0	    0	    0	    2	    0	    0	    0	    0	    0	    0	    0	    0	    0	    0	    0	    0	    0	    0	    0	    0	    0	    1	    0	    0	    0	    0	    0	    0	    0	    0	    0	    0	    0	    0	    0	    0	   21	    0	    0	    0	  217	    0	    0	    0	  378	    1	    0	    0	    0
 55	    0	    0	    0	    0	    0	    0	    0	    0	    0	    0	    1	    0	    0	    0	    0	    0	    0	    0	    0	    0	    0	    0	    0	    0	    0	    0	    0	    0	   23	    0	    0	    0	    0	    0	    0	    0	    1	    0	    0	    0	    2	    1	    0	    8	    3	    3	    0	  248	    0	    0	    0	 1276	    0	    0	    0	    0
 60	    0	    0	    2	    0	    0	    0	    0	    0	    0	    0	   52	    0	    0	    0	    0	    0	    0	    0	    0	    0	    0	    0	    0	    0	    0	    0	    0	    0	   29	    0	    0	    0	    2	    2	    0	    0	    3	    3	    0	    0	    3	    2	    0	    0	    2	    3	    0	  143	    1	    1	    0	 1507	   39	    3	    0	    0
 65	    0	    0	    0	    0	    0	    0	    0	    0	    0	    0	   38	    0	    0	    0	    0	    0	    0	    0	    0	    0	    0	    0	    0	    0	    0	    0	    0	    0	   25	    0	    0	    0	   13	    9	    0	    0	   10	    2	    0	    0	   21	   31	    0	    0	    5	    6	    0	    0	    3	    5	    0	   28	    4	    4	    0	    0
 70	    0	    0	    0	    0	    0	    0	    0	    0	    0	    0	    0	    0	    0	    0	    0	    0	    0	    0	    0	    0	    0	    0	    0	    0	    0	    0	    0	    0	   14	    0	    0	    0	    0	    0	    0	    0	    1	    0	    0	    0	   25	   16	    0	    0	    1	    0	    0	    0	    1	    0	    0	    5	    0	    0	    0	    0
 75	    0	    0	    0	    0	    0	    0	    0	    0	    0	    0	    0	    0	    0	    0	    0	    0	    0	    0	    0	    0	    0	    0	    0	    0	    0	    0	    0	    0	    0	    0	    0	    0	    0	    0	    0	    0	    0	    0	    0	    0	    3	    2	    0	    0	    2	    1	    0	    0	    1	    1	    0	    6	    3	    1	    0	    0
 80	    0	    0	    0	    0	    0	    0	    0	    0	    0	    0	    0	    0	    0	    0	    0	    0	    0	    0	    0	    0	    0	    0	    0	    0	    0	    0	    0	    0	    0	    0	    0	    0	    0	    0	    0	    0	    0	    0	    0	    0	    1	    0	    0	    0	    0	    2	    0	    0	    1	    2	    0	    7	    0	    0	    0	    0
 85	    0	    0	    0	    0	    0	    0	    0	    0	    0	    0	    0	    0	    0	    0	    0	    0	    0	    0	    0	    0	    0	    0	    0	    0	    0	    0	    0	    0	    0	    0	    0	    0	    0	    0	    0	    0	    0	    0	    0	    0	    0	    0	    0	    0	    0	    0	    0	    0	    0	    0	    0	    6	    2	    0	    0	    0
 90	    0	    0	    0	    0	    0	    0	    0	    0	    0	    0	    0	    0	    0	    0	    0	    0	    0	    0	    0	    0	    0	    0	    0	    0	    0	    0	    0	    0	    0	    0	    0	    0	    0	    0	    0	    0	    0	    0	    0	    0	    0	    0	    0	    0	    0	    0	    0	    0	    0	    0	    0	    4	    0	    0	    0	    0
 95	    0	    0	    0	    0	    0	    0	    0	    0	    0	    0	    0	    0	    0	    0	    0	    0	    0	    0	    0	    0	    0	    0	    0	    0	    0	    0	    0	    0	    0	    0	    0	    0	    0	    0	    0	    0	    0	    0	    0	    0	    0	    0	    0	    0	    0	    0	    0	    0	    0	    0	    0	    5	    0	    2	    0	    0
100	    0	    0	    0	    0	    0	    0	    0	    0	    0	    0	    0	    0	    0	    0	    0	    0	    0	    0	    0	    0	    0	    0	    0	    0	    0	    0	    0	    0	    0	    0	    0	    0	    0	    0	    0	    0	    0	    0	    0	    0	    0	    0	    0	    0	    0	    0	    0	    0	    0	    0	    0	    7	    1	    4	    0	    0
105	    0	    0	    0	    0	    0	    0	    0	    0	    0	    0	    0	    0	    0	    0	    0	    0	    0	    0	    0	    0	    0	    0	    0	    0	    0	    0	    0	    0	    0	    0	    0	    0	    0	    0	    0	    0	    0	    0	    0	    0	    0	    0	    0	    1	    0	    0	    0	    0	    0	    0	    0	    0	    2	    9	    0	    0
110	    0	    0	    0	    0	    0	    0	    0	    0	    0	    0	    0	    0	    0	    0	    0	    0	    0	    0	    0	    0	    0	    0	    0	    0	    0	    0	    0	    0	    0	    0	    0	    0	    0	    0	    0	    0	    0	    0	    0	    0	    0	    1	    0	    0	    3	    4	    0	    0	    8	    9	    0	    0	    3	   12	    0	    0
115	    0	    0	    0	    0	    0	    0	    0	    0	    0	    0	    0	    0	    0	    0	    0	    0	    0	    0	    0	    0	    0	    0	    0	    0	    0	    0	    0	    0	    0	    0	    0	    0	    0	    1	    0	    0	    0	    0	    0	    0	    0	    1	    0	    0	    4	    3	    0	    0	    9	    7	    0	    0	    1	    4	    0	    0
120	    0	    0	    0	    0	    0	    0	    0	    0	    0	    0	    0	    0	    0	    0	    1	    0	    0	    0	    0	    0	    0	    0	    0	    0	    0	    0	    0	    0	    0	    0	    0	    0	   20	   25	    0	    0	   27	   31	    0	    0	    6	    6	    0	    0	    6	    3	    0	    0	   19	   15	    0	    0	    5	   12	    0	    0
125	    0	    0	  167	    0	    0	  165	    0	    0	   62	    0	    0	   31	    0	    0	   27	    0	    0	   15	    0	    0	    0	    0	    0	    2	    0	    0	    4	    0	    0	    8	    0	    0	  134	  135	    0	    0	  115	  122	    0	    0	   76	   77	    0	    0	  126	  113	    0	    0	  116	  109	    0	    0	  121	  119	    0	    0
130	    0	    0	    0	    0	    0	    0	    0	    0	   10	    0	    0	   23	    0	    0	   15	    0	    0	   11	    0	    0	    0	    0	    0	   14	    0	    0	   27	    0	    0	   19	    0	    0	  151	  170	    0	    0	   89	  108	    0	    0	  117	   87	    0	    0	  108	  125	    0	    0	   38	   62	    0	    0	   12	   24	    0	    0
135	    0	    0	    0	    0	    0	    0	    0	    0	    0	    0	    0	    0	    0	    0	    0	    0	    0	    0	    0	    0	    0	    0	    0	    0	    0	    0	    2	    0	    0	    2	    0	    0	   24	   34	    0	    0	   12	   18	    0	    0	   72	   21	    0	    0	   37	   63	    0	    0	    9	   24	    0	    0	    7	    8	    0	    0
140	    0	    0	    0	    0	    0	    0	    0	    0	    0	    0	    0	    0	    0	    0	    0	    0	    0	    0	    0	    0	    0	    0	    0	    0	    0	    0	    0	    0	    0	    0	    0	    0	    0	    0	    0	    0	    0	    1	    0	    0	    9	    4	    0	    0	   30	   51	    0	    0	   27	   35	    0	    0	    6	   11	    0	    0
145	    0	    0	    0	    0	    0	    0	    0	    0	    0	    0	    0	    0	    0	    0	    0	    0	    0	    0	    0	    0	    0	    0	    0	    0	    0	    0	    0	    0	    0	    0	    0	    0	    0	    0	    0	    0	    0	    0	    0	    0	    1	    1	    0	    0	   10	   21	    0	    0	   15	   22	    0	    0	    3	    6	    0	    0
150	    0	    0	    0	    0	    0	    0	    0	    0	    0	    0	    0	    0	    0	    0	    0	    0	    0	    0	    0	    0	    0	    0	    0	    0	    0	    0	    0	    0	    0	    0	    0	    0	    0	    0	    0	    0	    0	    0	    0	    0	    0	    0	    0	    0	    0	    2	    0	    0	    0	    2	    0	    0	    4	    3	    0	    0
155	    0	    0	    0	    0	    0	    0	    0	    0	    0	    0	    0	    0	    0	    0	    0	    0	    0	    0	    0	    0	    0	    0	    0	    0	    0	    0	    0	    0	    0	    0	    0	    0	    0	    0	    0	    0	    0	    0	    0	    0	    0	    0	    0	    0	    0	    0	    0	    0	    0	    0	    0	    0	    6	    6	    0	    0
160	    0	    0	    0	    0	    0	    0	    0	    0	    0	    0	    0	    0	    0	    0	    0	    0	    0	    0	    0	    0	    0	    0	    0	    0	    0	    0	    0	    0	    0	    0	    0	    0	    0	    0	    0	    0	    0	    0	    0	    0	    0	    0	    0	    0	    0	    0	    0	    0	    0	    1	    0	    0	   17	   19	    0	    0
165	    0	    0	    0	    0	    0	    0	    0	    0	    0	    0	    0	    0	    0	    0	    0	    0	    0	    0	    0	    0	    0	    0	    0	    0	    0	    0	    0	    0	    0	    0	    0	    0	    0	    0	    0	    0	    0	    0	    0	    0	    0	    0	    0	    0	    0	    0	    0	    0	    0	    1	    0	    0	   18	   13	    0	    0
170	    0	    0	    0	    0	    0	    0	    0	    0	    0	    0	    0	    0	    0	    0	    0	    0	    0	    0	    0	    0	    0	    0	    0	    0	    0	    0	    0	    0	    0	    0	    0	    0	    0	    0	    0	    0	    0	    0	    0	    0	    1	    0	    0	    0	    1	    6	    0	    0	   10	    6	    0	    0	   34	   48	    0	    0
175	    0	    0	    0	    0	    0	    0	    0	    0	    0	    0	    0	    0	    0	    0	    0	    0	    0	    0	    0	    0	    0	    0	    0	    0	    0	    0	    0	    0	    0	    0	    0	    0	    0	    0	    0	    0	    0	    0	    0	    0	    4	    5	    0	    0	    7	   18	    0	    0	   39	   28	    0	    0	   39	   57	    0	    0
180	    0	    0	    0	    0	    0	    0	    0	    0	    0	    0	    0	    0	    0	    0	    0	    0	    0	    0	    0	    0	    0	    0	    0	    0	    0	    0	    1	    0	    0	    0	    0	    0	    3	    3	    0	    0	    5	    2	    0	    0	   40	   36	    0	    0	   16	   43	    0	    0	   47	   20	    0	    0	   16	   19	    0	    0
185	    0	    0	    0	    0	    0	    0	    0	    0	    4	    0	    0	   23	    0	    0	   29	    0	    0	   60	    0	    0	    1	    0	    0	   16	    0	    0	   42	    0	    0	   30	    0	    0	   69	   72	    0	    0	  162	  115	    0	    0	  154	  189	    0	    0	   83	   84	    0	    0	  103	   96	    0	    0	   81	   65	    0	    0
190	    0	    0	  190	    0	    0	  149	    0	    0	  221	    0	    0	  200	    0	    0	  195	    0	    0	  193	    0	    0	   11	    0	    0	   38	    0	    0	   98	    0	    0	   79	    0	    0	  616	  572	    0	    0	  588	  633	    0	    0	  395	  500	    0	    0	  569	  373	    0	    0	  544	  553	    0	    0	  575	  520	    0	    0
195	    0	    0	    0	    0	    0	    0	    0	    0	    0	    0	    0	    6	    0	    0	    4	    0	    0	    5	    0	    0	    0	    0	    0	    8	    0	    0	   33	    0	    0	   27	    0	    0	   51	   37	    0	    0	  146	  106	    0	    0	  110	  152	    0	    0	   46	   56	    0	    0	   90	   61	    0	    0	   67	   54	    0	    0
200	    0	    0	    0	    0	    0	    0	    0	    0	    0	    0	    0	    0	    0	    0	    0	    0	    0	    0	    0	    0	    0	    0	    0	    0	    0	    0	    1	    0	    0	    1	    0	    0	    2	    1	    0	    0	    3	    0	    0	    0	   44	   31	    0	    0	   14	   26	    0	    0	   37	   19	    0	    0	   14	   19	    0	    0
205	    0	    0	    0	    0	    0	    0	    0	    0	    0	    0	    0	    0	    0	    0	    0	    0	    0	    0	    0	    0	    0	    0	    0	    0	    0	    0	    0	    0	    0	    0	    0	    0	    0	    0	    0	    0	    0	    0	    0	    0	    4	    6	    0	    0	    5	   15	    0	    0	   25	   19	    0	    0	   36	   57	    0	    0
210	    0	    0	    0	    0	    0	    0	    0	    0	    0	    0	    0	    0	    0	    0	    0	    0	    0	    0	    0	    0	    0	    0	    0	    0	    0	    0	    0	    0	    0	    0	    0	    0	    0	    0	    0	    0	    0	    0	    0	    0	    0	    0	    0	    0	    1	    6	    0	    0	    6	    3	    0	    0	   29	   42	    0	    0
215	    0	    0	    0	    0	    0	    0	    0	    0	    0	    0	    0	    0	    0	    0	    0	    0	    0	    0	    0	    0	    0	    0	    0	    0	    0	    0	    0	    0	    0	    0	    0	    0	    0	    0	    0	    0	    0	    0	    0	    0	    0	    0	    0	    0	    0	    0	    0	    0	    0	    1	    0	    0	   14	   14	    0	    0
220	    0	    0	    0	    0	    0	    0	    0	    0	    0	    0	    0	    0	    0	    0	    0	    0	    0	    0	    0	    0	    0	    0	    0	    0	    0	    0	    0	    0	    0	    0	    0	    0	    0	    0	    0	    0	    0	    0	    0	    0	    0	    0	    0	    0	    0	    0	    0	    0	    1	    2	    0	    0	   10	   14	    0	    0
225	    0	    0	    0	    0	    0	    0	    0	    0	    0	    0	    0	    0	    0	    0	    0	    0	    0	    0	    0	    0	    0	    0	    0	    0	    0	    0	    0	    0	    0	    0	    0	    0	    0	    0	    0	    0	    0	    0	    0	    0	    0	    0	    0	    0	    0	    0	    0	    0	    1	    1	    0	    0	    4	    2	    0	    0
230	    0	    0	    0	    0	    0	    0	    0	    0	    0	    0	    0	    0	    0	    0	    0	    0	    0	    0	    0	    0	    0	    0	    0	    0	    0	    0	    0	    0	    0	    0	    0	    0	    0	    0	    0	    0	    0	    0	    0	    0	    0	    0	    0	    0	    1	    0	    0	    0	    0	    3	    0	    0	    1	    5	    0	    0
235	    0	    0	    0	    0	    0	    0	    0	    0	    0	    0	    0	    0	    0	    0	    0	    0	    0	    0	    0	    0	    0	    0	    0	    0	    0	    0	    0	    0	    0	    0	    0	    0	    0	    0	    0	    0	    0	    0	    0	    0	    0	    0	    0	    0	    6	   20	    0	    0	    8	   19	    0	    0	    3	    7	    0	    0
240	    0	    0	    0	    0	    0	    0	    0	    0	    0	    0	    0	    0	    0	    0	    0	    0	    0	    0	    0	    0	    0	    0	    0	    0	    0	    0	    0	    0	    0	    0	    0	    0	    0	    0	    0	    0	    0	    0	    0	    0	    9	    5	    0	    0	   25	   40	    0	    0	   16	   24	    0	    0	    6	    6	    0	    0
245	    0	    0	    0	    0	    0	    0	    0	    0	    0	    0	    0	    0	    0	    0	    0	    0	    0	    0	    0	    0	    0	    0	    0	    0	    0	    0	    6	    0	    0	   24	    0	    0	   11	   16	    0	    0	    3	    6	    0	    0	   59	    8	    0	    0	   27	   42	    0	    0	   11	   18	    0	    0	    2	    4	    0	    0
250	    0	    0	    0	    0	    0	    1	    0	    0	    5	    0	    0	    9	    0	    0	   13	    0	    0	   15	    0	    0	    7	    0	    0	   14	    0	    0	  119	    0	    0	  145	    0	    0	  100	  119	    0	    0	   56	   76	    0	    0	   83	   57	    0	    0	   77	  106	    0	    0	   24	   45	    0	    0	   14	   11	    0	    0
255	    0	    0	  113	    0	    0	  104	    0	    0	  159	    0	    0	  169	    0	    0	  173	    0	    0	  152	    0	    0	   55	    0	    0	   94	    0	    0	   77	    0	    0	  100	    0	    0	  117	  113	    0	    0	   83	   88	    0	    0	   38	   40	    0	    0	   96	   72	    0	    0	   72	   77	    0	    0	   75	   76	    0	    0
260	    0	    0	    0	    0	    0	    0	    0	    0	    0	    0	    0	    1	    0	    0	    5	    0	    0	   15	    0	    0	   16	    0	    0	   80	    0	    0	   35	    0	    0	   17	    0	    0	   13	    7	    0	    0	   23	   22	    0	    0	    8	   12	    0	    0	   20	    8	    0	    0	   27	   25	    0	    0	    6	   10	    0	    0
265	    0	    0	    0	    0	    0	    0	    0	    0	    0	    0	    0	    0	    0	    0	    0	    0	    0	    0	    0	    0	    0	    0	    0	    1	    0	    0	    1	    0	    0	    0	    0	    0	    0	    0	    0	    0	    1	    0	    0	    0	    1	    1	    0	    0	    2	    3	    0	    0	   15	    7	    0	    0	    3	    8	    0	    0
270	    0	    0	    0	    0	    0	    0	    0	    0	    0	    0	    0	    0	    0	    0	    0	    0	    0	    0	    0	    0	    0	    0	    0	    0	    0	    0	    0	    0	    0	    0	    0	    0	    0	    0	    0	    0	    0	    0	    0	    0	    0	    0	    0	    0	    0	    2	    0	    0	    4	    8	    0	    0	    3	    9	    0	    0
275	    0	    0	    0	    0	    0	    0	    0	    0	    0	    0	    0	    0	    0	    0	    0	    0	    0	    0	    0	    0	    0	    0	    0	    0	    0	    0	    0	    0	    0	    0	    0	    0	    0	    0	    0	    0	    0	    0	    0	    0	    0	    0	    0	    0	    0	    0	    0	    0	    3	    2	    0	    0	    3	   16	    0	    0
280	    0	    0	    0	    0	    0	    0	    0	    0	    0	    0	    0	    0	    0	    0	    0	    0	    0	    0	    0	    0	    0	    0	    0	    0	    0	    0	    0	    0	    0	    0	    0	    0	    0	    0	    0	    0	    0	    0	    0	    0	    0	    0	    0	    0	    0	    0	    0	    0	    0	    0	    0	    0	    3	    6	    0	    0
285	    0	    0	    0	    0	    0	    0	    0	    0	    0	    0	    0	    0	    0	    0	    0	    0	    0	    0	    0	    0	    0	    0	    0	    0	    0	    0	    0	    0	    0	    0	    0	    0	    0	    0	    0	    0	    0	    0	    0	    0	    0	    0	    0	    0	    0	    0	    0	    0	    1	    0	    0	    0	    4	    7	    0	    0
290	    0	    0	    0	    0	    0	    0	    0	    0	    0	    0	    0	    0	    0	    0	    0	    0	    0	    0	    0	    0	    0	    0	    0	    0	    0	    0	    0	    0	    0	    0	    0	    0	    0	    0	    0	    0	    0	    0	    0	    0	    0	    0	    0	    0	    0	    0	    0	    0	    0	    0	    0	    0	    2	    0	    0	    0
295	    0	    0	    0	    0	    0	    0	    0	    0	    0	    0	    0	    0	    0	    0	    0	    0	    0	    0	    0	    0	    0	    0	    0	    0	    0	    0	    0	    0	    0	    0	    0	    0	    0	    0	    0	    0	    0	    0	    0	    0	    0	    0	    0	    0	    0	    0	    0	    0	    1	    0	    0	    0	    1	    3	    0	    0
300	    0	    0	    0	    0	    0	    0	    0	    0	    0	    0	    0	    0	    0	    0	    0	    0	    0	    0	    0	    0	    0	    0	    0	    0	    0	    0	    0	    0	    0	    0	    0	    0	    0	    0	    0	    0	    0	    0	    0	    0	    1	    0	    0	    0	    1	    4	    0	    0	    1	    0	    0	    0	    3	    0	    0	    0
305	    0	    0	    0	    0	    0	    0	    0	    0	    0	    0	    0	    0	    0	    0	    0	    0	    0	    0	    0	    0	    0	    0	    0	    0	    0	    0	    0	    0	    0	    0	    0	    0	    0	    0	    0	    0	    0	    0	    0	    0	   11	    4	    0	    0	    2	    4	    0	    0	    2	    0	    0	    0	    1	    0	    0	    0
310	    0	    0	    0	    0	    0	    0	    0	    0	    0	    0	    0	    0	    0	    0	    0	    0	    0	    0	    0	    0	    7	    0	    0	   28	    0	    0	   13	    0	    0	    6	    0	    0	    4	    7	    0	    0	    0	    1	    0	    0	   18	   16	    0	    0	    4	    8	    0	    0	    0	    0	    0	    0	    2	    1	    0	    0
315	    0	    0	    0	    0	    0	   68	    0	    0	   92	    0	    0	  103	    0	    0	  111	    0	    0	   86	    0	    0	  107	    0	    0	  141	    0	    0	   99	    0	    0	  100	    0	    0	    6	   12	    0	    0	   14	    9	    0	    0	   23	   27	    0	    0	    6	   12	    0	    0	    8	   10	    0	    0	    7	    4	    0	    0
320	    0	    0	  122	    0	    0	  155	    0	    0	  118	    0	    0	  121	    0	    0	  122	    0	    0	  127	    0	    0	   55	    0	    0	   71	    0	    0	  146	    0	    0	  165	    0	    0	   11	   16	    0	    0	    8	    7	    0	    0	   10	    9	    0	    0	    7	    7	    0	    0	    5	    7	    0	    0	   29	    7	    0	    0
325	    0	    0	    0	    0	    0	    0	    0	    0	    0	    0	    0	    0	    0	    0	    0	    0	    0	    3	    0	    0	    5	    0	    0	    5	    0	    0	   79	    0	    0	   85	    0	    0	    0	    0	    0	    0	    2	    1	    0	    0	    1	    3	    0	    0	    1	    0	    0	    0	    1	    0	    0	    0	    2	    0	    0	    0
330	    0	    0	    0	    0	    0	    0	    0	    0	    0	    0	    0	    0	    0	    0	    0	    0	    0	    0	    0	    0	    0	    0	    0	    0	    0	    0	    0	    0	    0	    0	    0	    0	    0	    0	    0	    0	    0	    0	    0	    0	    0	    0	    0	    0	    1	    0	    0	    0	    2	    1	    0	    0	    2	    0	    0	    0
335	    0	    0	    0	    0	    0	    0	    0	    0	    0	    0	    0	    0	    0	    0	    0	    0	    0	    0	    0	    0	    0	    0	    0	    0	    0	    0	    0	    0	    0	    0	    0	    0	    0	    0	    0	    0	    0	    0	    0	    0	    0	    1	    0	    0	    2	    1	    0	    0	    0	    1	    0	    0	    2	    1	    0	    0
340	    0	    0	    0	    0	    0	    0	    0	    0	    0	    0	    0	    0	    0	    0	    0	    0	    0	    0	    0	    0	    0	    0	    0	    0	    0	    0	    0	    0	    0	    0	    0	    0	    0	    0	    0	    0	    0	    0	    0	    0	    0	    0	    0	    0	    0	    0	    0	    0	    0	    0	    0	    0	    3	    0	    0	    0
345	    0	    0	    0	    0	    0	    0	    0	    0	    0	    0	    0	    0	    0	    0	    0	    0	    0	    0	    0	    0	    0	    0	    0	    0	    0	    0	    0	    0	    0	    0	    0	    0	    0	    0	    0	    0	    0	    0	    0	    0	    0	    0	    0	    0	    0	    0	    0	    0	    0	    0	    0	    0	    2	    0	    0	    0
350	    0	    0	    0	    0	    0	    0	    0	    0	    0	    0	    0	    0	    0	    0	    0	    0	    0	    0	    0	    0	    0	    0	    0	    0	    0	    0	    0	    0	    0	    0	    0	    0	    0	    0	    0	    0	    0	    0	    0	    0	    0	    0	    0	    0	    0	    0	    0	    0	    0	    0	    0	    0	    1	    0	    0	    0
355	    0	    0	    0	    0	    0	    0	    0	    0	    0	    0	    0	    0	    0	    0	    0	    0	    0	    0	    0	    0	    0	    0	    0	    0	    0	    0	    0	    0	    0	    0	    0	    0	    0	    0	    0	    0	    0	    0	    0	    0	    0	    0	    0	    0	    0	    0	    0	    0	    0	    0	    0	    0	    0	    0	    0	    0
360	    0	    0	    0	    0	    0	    0	    0	    0	    0	    0	    0	    0	    0	    0	    0	    0	    0	    0	    0	    0	    0	    0	    0	    0	    0	    0	    0	    0	    0	    0	    0	    0	    0	    0	    0	    0	    0	    0	    0	    0	    0	    0	    0	    0	    0	    0	    0	    0	    0	    0	    0	    0	    0	    0	    0	    0
365	    0	    0	    0	    0	    0	    0	    0	    0	    0	    0	    0	    0	    0	    0	    0	    0	    0	    0	    0	    0	    0	    0	    0	    0	    0	    0	    0	    0	    0	    0	    0	    0	    0	    0	    0	    0	    0	    0	    0	    0	    0	    0	    0	    0	    1	    0	    0	    0	    0	    0	    0	    0	    0	    1	    0	    0
370	    0	    0	    0	    0	    0	    0	    0	    0	    0	    0	    0	    0	    0	    0	    0	    0	    0	    0	    0	    0	    0	    0	    0	    0	    0	    0	    0	    0	    0	    0	    0	    0	    0	    0	    0	    0	    0	    0	    0	    0	    1	    1	    0	    0	    0	    0	    0	    0	    0	    0	    0	    0	    0	    0	    0	    0
375	    0	    0	    0	    0	    0	    0	    0	    0	    0	    0	    0	    0	    0	    0	    2	    0	    0	    0	    0	    0	    7	    0	    0	   11	    0	    0	    2	    0	    0	    7	    0	    0	    4	    1	    0	    0	    1	    1	    0	    0	    1	    1	    0	    0	    0	    0	    0	    0	    0	    1	    0	    0	    0	    0	    0	    0
380	    0	    0	  173	    0	    0	  112	    0	    0	   86	    0	    0	   82	    0	    0	   80	    0	    0	   74	    0	    0	   86	    0	    0	   61	    0	    0	   56	    0	    0	   66	    0	    0	    6	    6	    0	    0	    3	    5	    0	    0	    7	    4	    0	    0	    1	    3	    0	    0	    2	    1	    0	    0	    0	    0	    0	    0
385	    0	    0	    1	    0	    0	   60	    0	    0	  102	    0	    0	  108	    0	    0	  113	    0	    0	  140	    0	    0	  101	    0	    0	  122	    0	    0	   45	    0	    0	   21	    0	    0	    0	    1	    0	    0	    3	    2	    0	    0	    0	    1	    0	    0	    0	    0	    0	    0	    0	    0	    0	    0	    0	    0	    0	    0
390	    0	    0	    0	    0	    0	    0	    0	    0	    0	    0	    0	    0	    0	    0	    0	    0	    0	    0	    0	    0	    7	    0	    0	    3	    0	    0	    2	    0	    0	    0	    0	    0	    0	    0	    0	    0	    0	    0	    0	    0	    0	    0	    0	    0	    0	    0	    0	    0	    0	    0	    0	    0	    0	    0	    0	    0
395	    0	    0	    0	    0	    0	    0	    0	    0	    0	    0	    0	    0	    0	    0	    0	    0	    0	    0	    0	    0	    0	    0	    0	    0	    0	    0	    0	    0	    0	    0	    0	    0	    0	    0	    0	    0	    0	    0	    0	    0	    0	    0	    0	    0	    0	    0	    0	    0	    0	    0	    0	    0	    0	    0	    0	    0
400	   13	    0	  146	   13	    0	   98	   13	    0	   54	   13	    0	   37	   13	    0	   23	   13	    0	   16	   13	    0	  226	   13	    0	   93	   13	    0	   25	   14	    0	   11	   14	    0	    2	    0	   14	    0	    0	    0	   14	    0	    0	    0	   14	    0	    0	    0	   14	    0	    0	    0	   13	    0	    0	    1	   13	    6
