idx   PID  Counter      %   m_Dst
---------------------------------
  1     0       63   0.01   15693
  2     1       63   0.01   15693
  3    16   183202  18.57       5
  4    17     8349   0.85     118
  5    18     8349   0.85     118
  6    41      993   0.10     993
  7    80   147093  14.91       6
  8    81     8349   0.85     118
  9    82     8349   0.85     118
 10   105     1008   0.10     977
 11   144    67690   6.86      14
 12   145     8349   0.85     118
 13   146     8349   0.85     118
 14   169     1007   0.10     979
 15   208   199655  20.24       4
 16   209     8349   0.85     118
 17   210     8349   0.85     118
 18   233     1000   0.10     986
 19   272    80848   8.20      12
 20   273     8349   0.85     118
 21   274     8349   0.85     118
 22   297      993   0.10     993
 23   656   176657  17.91       5
 24   657     8349   0.85     118
 25   658     8349   0.85     118
 26   681     1000   0.10     986
 27  4089      156   0.02    6336
 28  4090      119   0.01    8292
 29  4094      416   0.04    2351
 30  8191    24217   2.46      40

Total 986368 TP
